1.731183912076637910e+00 8.693543938838791396e-01 -2.913918113793445563e+00 1.581823578627851168e+00 -3.562267933188349445e-01 -2.049564536878641263e+00 -7.323151781836333418e-01 -4.921155596946227284e-01 -6.614582154726891261e-01
-5.920256294952709331e-01 -5.318279001082634183e-01 -3.480676051592122011e-01 -1.004669605991360903e+00 6.439465137677159445e-01 -1.135364064661744443e+00 -5.620953995152906668e-02 -4.168315427798832129e-01 -6.578722434940084129e-01
-1.198277262695358392e+00 -1.185339954283514796e+00 1.874600759592087718e-01 3.584319645658432529e-01 -7.236452959976091837e-01 4.063418267914561399e-01 8.857016793329698379e-01 1.057778505005184222e+00 -2.108374002100716460e+00
-4.886318031878261081e+00 -3.377649091309509188e+00 6.936824669997340154e-01 -3.761430211520576883e+00 -1.376736936845611048e+00 2.964649671355684468e+00 9.912166564321645001e-01 1.972162152217938891e+00 4.071290881230804182e+00
8.614071056914818225e-02 2.120327310042585012e+00 -3.546594476497610948e-02 1.526911485530197288e+00 2.825266003894446598e+00 -5.604219917379513194e-02 -1.672309893048835150e+00 -1.082365593463545661e+00 -6.530077107419459459e+00
-2.904029306914976960e-01 8.044787905699960495e-01 -8.772847315419184389e-01 -1.088131142160491338e+00 -1.143774411654705503e+00 -1.317523359535336169e+00 -3.388445579717345169e-01 -7.892979392770991254e-01 -4.314628836748533036e-01
-8.556722650084253035e-02 -7.984272032604072811e-01 2.331085605756960388e-01 -9.602954224627608948e-01 2.825296073447558509e-01 2.530258215805087363e-01 -1.646657979842475417e+00 -2.394380269730866095e-01 -4.327532521956590772e-01
-2.555227174035473170e-01 -7.820397245009392817e-01 1.164898590179689108e+00 1.185445739169895152e+00 6.405588905723567095e-01 2.495987373960868172e-01 2.541767906908536823e+00 4.161974282970730132e-01 -6.491994049971900438e+00
-4.108168463513600877e+00 -1.102610651482837545e+00 3.887587018181083015e-02 -1.945773011863909607e+00 1.134946824488107131e+00 -1.108887218686728904e+00 4.227730076105268076e+00 2.186915021781267843e+00 3.014392306735497185e-01
1.097048876063748013e+00 4.921184624809420427e-01 -2.226515240584598515e-02 -5.873303480255634978e-01 1.543504369505372016e-02 -1.280898268203673140e+00 2.456355196965354093e+00 8.840800474501128714e-02 -1.120126871235158861e+00
-8.528376140158482333e-01 1.115986494263563555e+00 -8.907258920941692193e-02 -1.952163061798314059e-01 -5.850919438759232261e-01 -9.511963914083542138e-01 1.170239577779965456e+00 3.618376493579485431e-01 -2.674824052946733310e+00
-4.659315563268889848e-01 -1.151671453784855581e+00 -9.671923962789237272e-01 8.385040096641261931e-01 -4.501164302064735723e-01 -5.661229360058757099e-01 6.904897151534954425e-01 -1.794787063053529641e+00 1.328839611580113989e+00
6.683215953731134196e-01 7.074476725761377205e-01 -3.398243032139410147e+00 -2.954078908111147928e-01 9.276885436853005151e-01 -2.953381354923962920e-01 -2.460421277634350368e+00 7.473671243644273154e-01 3.670943862548894820e+00
1.080494135881162165e+00 6.776930697474998766e-01 -1.798349015442325172e+00 -1.072715106746156888e+00 -7.834434243399820419e-01 -1.478991474119196514e+00 -2.819318354230105905e-01 1.880087578124431058e+00 -1.350309771319234020e+00
-2.231188060827200281e-01 -4.087308310583532278e-01 -2.218515754392442751e+00 -1.660848838510590841e+00 -1.139489019288535854e+00 9.733969333767661380e-01 -1.603092162177472080e+00 -4.325532611861044874e-01 4.954159684096157257e+00
-5.077598512020240484e-01 7.455720844387284663e-01 -6.747284436211855585e-01 9.483591466142633486e-01 1.035014831783416245e+00 -2.009432109547637513e-01 -1.726412013991558414e+00 -1.196029866842845513e+00 -2.392943747650608799e+00
-1.127434842446915608e+00 -7.062133232695927409e-01 -6.361505677613021881e-01 5.000389673508456312e-01 3.054416970512150442e-01 -1.358784678367571219e+00 -8.140488861193082570e-01 9.269546551360750009e-01 -1.299943040385328707e+00
-1.843852443461577062e+00 -8.304444852551075007e-01 -1.184269604432190356e-02 -1.408703975512388018e+00 5.466945809264779355e-01 8.260686678156575757e-01 2.170006464874507102e-01 -3.365211164567324942e-01 -1.749395297025038154e+00
2.244452420661457170e-01 1.472157337778088881e-01 -8.463479290918383136e-01 -1.267092977458633918e+00 -1.129771628195620492e+00 7.763176298201066028e-02 -5.017088341727534706e-01 -3.534550566216106415e-01 -1.378495032859124558e+00
1.446211936065761483e+00 -1.847688564347316209e-02 -1.692491805933444837e+00 8.184378022045721846e-01 7.084465459759252681e-01 -7.337242522875719181e-03 -1.389917370906431637e+00 -1.676976706826871721e+00 -2.263549959818043966e+00
-2.575586155457270099e+00 -1.486186045441322046e+00 1.263309382964198146e+00 -3.630391180189702638e+00 -5.895353362095310246e-01 2.302638297210370055e+00 -1.725197075476172515e+00 1.074796460488510741e+00 2.354987431975968715e+00
1.428157169500462231e+00 1.394515594782234080e-01 -9.373461174957680164e-01 -4.506054014409221348e-02 1.091615840098676543e-01 -5.395487558553074131e-02 -3.127880598624859232e-01 -1.277096558192187814e+00 -2.266703945313735868e+00
2.065454946184418716e+00 2.744206292908721867e+00 2.432990218966365248e+00 -4.920367531909823899e-01 1.259978740416719978e+00 1.048434063453749676e+00 -4.274125198269635995e+00 -3.076063286951873810e+00 -2.732122765704719791e-01
-5.762842349410058490e-02 1.571012583295517961e+00 2.283255389967690174e+00 -1.289804650795327134e+00 9.226404971149997358e-01 5.663039709499400470e-02 -2.339839967723262859e+00 -1.783996462979390962e+00 -1.649023196160624316e+00
-1.539372833782976180e+00 1.583999025828772167e+00 2.253126480350724936e+00 -2.343629103818452464e+00 -7.735425287677271111e-01 2.874381059454959586e-01 -1.800686357533563431e+00 5.363234029112258217e-01 -9.652841608652130700e-01
-8.547200921043703881e-01 -1.294517652403105679e+00 8.361154051754839944e-01 -1.016759172227698960e+00 4.842853105315703816e-02 -5.918542985932222500e-01 2.692967946151661462e-01 2.979450441568690100e-01 -7.106239678636522283e-01
-1.022595687353785865e-01 7.181838615991198438e-03 -1.711740951059550042e+00 -1.736001476458810533e-01 -3.597882174325839344e-01 1.483837079160006678e-01 -1.271522958693415584e+00 5.322801356394551986e-01 -3.786150823375585284e-01
-2.311778186289298098e+00 -1.332510735102974353e+00 -6.591878024359880683e-01 -3.130100736014787888e+00 -1.871875980989988086e+00 8.581752236486401841e-01 1.946398161686191952e-01 1.369246196769918766e-01 5.601906225095753200e+00
8.466848957713197787e-01 6.963540713391225268e-01 -2.860610969066716525e+00 1.699070773764294939e+00 -7.086575406338914418e-02 -1.978355556255725123e+00 -1.298378214286290744e+00 -7.244998621042569864e-01 2.195647145605293282e+00
3.840819628452383672e+00 1.596789817283862600e+00 -2.772692284588285649e-01 1.383265809648404732e+00 -1.145573852159599948e+00 -1.347392381430567276e+00 -2.632351467174064208e+00 -2.072884334834111275e+00 -1.991138468477614776e+00
-3.381907281948092758e-01 4.825972982535557954e-01 -3.286821440233342884e-01 5.748205936399197746e-01 2.067208351804469046e+00 -1.716200690539284313e-01 -1.572962212015467598e+00 -1.024434679228649836e+00 -3.062584715073692898e+00
3.190030958950968110e+00 1.512571573743948239e+00 2.325354594860570501e+00 -4.738851086689220837e-01 -3.064551420520219782e+00 -1.661378931741848142e+00 1.522128885690608113e+00 -1.589394241990018219e+00 6.348252028946937964e-02
-3.139289772942963075e-01 6.784091713183637573e-01 -8.917147148849101645e-01 9.062010191305738260e-01 7.687447621959043742e-01 -5.408020138564438861e-01 -1.366297326786209743e+00 -1.546722321981659265e+00 -4.377181509240572477e-01
-3.282497851531473998e+00 -1.169307283437330147e+00 -5.766679108904292583e+00 2.988991428453747101e+00 2.664890472402230870e+00 -2.776338031696133246e+00 3.809719658681654852e+00 1.560751374467739927e+00 -6.719579562666813111e-01
-1.787757437711551045e+00 -5.282556253833495807e-01 1.548689317599412751e+00 -1.484777423257991336e+00 8.796882700346516648e-01 2.642301992044318926e+00 -2.014780951823987643e+00 -1.382397994796437768e+00 -1.028186920291271678e+00
-7.082052318043832173e-01 1.289195345351827227e+00 6.906106000468027473e-01 7.713093330612185161e-01 2.152956026211007678e+00 -3.770157164197928124e-01 1.468868647178284137e+00 -8.267002778304590738e-01 -7.590123988965889801e+00
-1.050807059105935304e+00 -5.732477624792572390e-01 -1.148890485804887840e+00 -3.086047287675123818e-01 1.085641422810065398e-01 1.606163885011171466e-01 -6.970352076112287243e-01 8.018266811983454367e-01 -8.518236827370760933e-01
-5.520455333988997237e-01 8.448338043512825246e-01 -1.940259507498443226e+00 -1.132414777174429954e+00 7.461824197327370234e-01 7.656509378241498354e-01 -2.630964676857046936e+00 -1.994764717355478889e-01 1.554922636702988692e+00
8.369244757164641113e-01 2.278128435125541806e-01 -2.806633907352071855e+00 1.829692492369356382e-01 -1.063318320637405695e-01 -1.765856773305652272e+00 -1.636001631665572401e-02 -1.377732903951282006e+00 1.138535920353019426e+00
7.967537069559816887e-01 -1.403805878818422670e+00 -3.042054754421956275e+00 4.299721568632941526e-01 -9.666807118909662710e-01 -5.437009150611994412e-01 1.114803883100902865e-01 1.044828643538634694e+00 1.027311542791163879e+00
-6.592552797630315986e+00 -2.699249393285284349e+00 3.007887255172029040e+00 -3.458302756299226122e+00 1.147598204791338672e+00 2.074753840888064360e+00 2.843242833926927116e+00 1.299691907387080514e+00 -2.727124641407309147e-01
-1.213153956488750351e+00 -8.317026645404556051e-01 -3.034016699482534385e+00 7.251420777886818936e-01 1.376716490612407640e+00 -6.745072671192675617e-01 -4.964489630293524303e-01 6.888355973259219223e-01 1.350233887936900246e-01
4.194342511657297434e-01 -1.024565262622586959e+00 -1.579903738268511493e+00 -9.569803273094289187e-02 5.291467920197047148e-01 -1.561119317077269253e+00 -1.038933030368966781e+00 -2.346452086983849550e-01 3.092922035661602176e-01
-6.513107002467749540e-01 -1.929745859729736113e+00 -1.034103859580319362e+00 -1.721118495892183686e+00 -5.020046495466112813e-01 -1.200322951127605675e+00 -9.911950989644860988e-01 6.199660024151836257e-01 3.473465090098783570e+00
-1.066791789591369666e+00 7.078368602409639276e-01 -6.892661145154855840e-01 3.343107655298869219e-01 1.763550826106399683e+00 9.734036416044454521e-02 -2.259857956355918240e+00 -5.705094576101734649e-01 -2.458775794274502768e+00
1.607805206845745349e+00 -8.257383560388593668e-01 -1.646272741254195093e+00 -6.982866149626044683e-01 -7.212956903016419785e-01 -1.516290680947102398e+00 3.228849372539600027e-01 7.164467215880243600e-01 -3.804583968769674196e-01
1.579844268262975415e+00 4.462402827365922753e-01 1.500029370366407377e+00 -3.915165267707471086e-01 -4.402113499100488575e-02 8.493422274966038188e-01 -3.729766197565417496e+00 -2.796381538914956444e+00 -1.415954635876647938e+00
-5.656787731900841942e-01 8.073848451701989837e-02 -1.850669831841581736e+00 -3.229481397130352649e-01 6.909308719463039816e-01 -1.143603482957001871e+00 6.838067209536619062e-01 -4.082298962031275652e-02 -1.674791843453932172e+00
9.999776382967344446e-02 -7.076705797226512384e-01 5.936874960432031445e-02 -4.755237506481797549e-01 9.262887943194209051e-02 -1.715236482925892814e+00 6.003035023238504492e-02 -9.616619637314131053e-01 3.814910068003306027e-03
-1.218682505745472655e+00 8.278827088500265163e-02 -2.085026817429072588e-01 2.649454835474905234e+00 1.364456255095142012e+00 -8.644669252557219963e-01 5.022941800399470580e+00 -9.049889806193714969e-01 -5.169651040316630919e+00
-5.058470818550193648e+00 4.608713096028769218e-01 6.498367029480648149e+00 -2.180741303723870317e+00 1.225358711706225900e+00 3.241906112288588826e+00 2.256486660003433009e+00 1.810855615662945450e-01 -5.965313716337121264e+00
-1.885683459269296369e+00 -1.473749198512641856e+00 1.492404933913848541e+00 -2.252399294295440946e+00 -1.185205099237585769e+00 2.385694904309513920e+00 -1.138224708324947043e+00 7.820429432610684906e-01 -4.936723542263791176e-01
-2.326765236002393822e-01 -1.436052831740666003e+00 -4.542635063604302803e-01 -7.165425125517844718e-01 -1.480080518715687132e+00 3.313199743499776750e-01 -2.919101395771036070e-02 -1.798724685457087524e+00 2.335645292292445330e+00
2.842718109714750252e-01 -1.408068808041067044e+00 -1.091607357472738515e+00 -6.281479643996759066e-01 2.739532693538144215e-01 -4.837945896990556438e-01 5.646151080809276301e-01 2.556788026012246640e-01 -1.705286325530293690e+00
-4.777548445731285010e-01 -1.069228331900418549e+00 -2.299938715569310732e-01 -1.042955893898854791e+00 -5.827845773722225564e-01 7.710857861637017141e-01 -7.689946922667544316e-01 -1.124323579254887351e+00 -5.667611859527456053e-01
5.626008785452534688e+00 5.055392349868998991e+00 8.107345580996666579e-01 3.365072645877271285e+00 2.705774587909156037e-01 -4.097050342313370841e+00 -3.235844371689917676e+00 -3.572318556945307755e+00 -7.146332555225948902e+00
-5.121095380767323180e-01 -2.259241072590057187e-01 1.992206142386050649e+00 -1.457314234242598427e+00 -2.232087878349983331e-02 5.556437282740257777e-02 5.399765676730725050e-02 -4.889573108297146087e-01 -2.733992472091841819e+00
-7.695305858726405601e-01 -1.403432758796266944e-01 -2.819874234468851548e-01 -9.300031684103737817e-01 -1.490755991023289484e+00 1.008924926767834490e-01 -2.693984785360732381e-01 -3.755151622789901916e-02 -4.034546654367585083e-02
1.335865621182836360e+00 1.525509435974507430e-02 -9.758281688994963066e-01 -1.537491384596863853e+00 -2.332811086914935661e+00 -1.591559293094439331e+00 -9.276709942996016478e-01 -2.589159916829885111e-01 4.457324691149741724e+00
-2.802692508634131718e-02 2.756326934394320638e+00 2.749059001123893342e+00 1.599405166050223093e+00 1.212929338665674539e+00 2.196537104744549287e-02 -1.722020292299840438e+00 -3.982252981152986315e+00 -5.394532239962916975e+00
-3.044824782353235809e-02 2.211045645309512309e-01 -6.016722173922808281e-01 1.355722446940538506e-01 -1.005625778319305885e+00 -1.854883880991000211e+00 7.905677584499751775e-01 -1.103782898112452004e-01 -1.619190901469137744e-01
-1.428236366833592896e+00 -6.912358903831686829e-01 -1.656561313129630286e-01 1.042819555960928513e-01 -2.637575724884504424e-01 -8.440595467323100953e-01 -1.049137820616540484e+00 -4.765751160440325762e-01 8.358375444863355708e-02
5.960048029339856668e-02 -1.632898762462207554e+00 -2.088575113617155310e+00 1.739172008968618566e-01 1.074394843964257967e-01 -1.777995034550010622e+00 6.514299556259136592e-01 3.115014619176834643e-01 -1.964500846819348390e-01
2.121647951811622690e+00 3.167262221216296525e-01 -3.229619435249623027e+00 1.038069554712852671e+00 2.369007007234481821e-01 -1.405500216653043477e+00 2.491297569794863886e-01 -2.662636976858483995e-01 5.036721357153465251e-01
-3.031801822216977360e+00 -9.467135099666652565e-01 6.346702767470098205e-01 -1.853305337159112609e+00 5.237054086033250400e-01 1.955107965266538461e-01 1.294753254539058596e-01 -4.125822859922566033e-01 4.595502041107752400e-01
-9.519115563746717301e-01 7.660307404823887278e-01 -1.374127214815363374e+00 -5.408984924004765771e-02 1.427799482757003524e+00 -1.768478786241500567e+00 1.566993573101988391e+00 1.094185032390119661e+00 -2.246227543197915288e+00
-6.369666454422395763e-01 -7.760663270108683065e-01 -9.653132420046826034e-01 -4.066288342341357609e-01 -1.025602286833339427e+00 -8.399191644104209153e-01 5.152011339796481321e-02 5.019691781213813098e-01 -1.253333989951882055e+00
-1.542208024465744121e+00 -1.295347670506994842e+00 8.443617124583717437e-02 -1.806986176088818119e-01 -4.879305456722798362e-01 -6.656516379233174963e-01 -4.884684755748375795e-01 -1.186486192464113465e+00 2.305302443536862422e-01
8.355554100230725423e-01 2.045649127008314083e-01 -2.370822279527359910e+00 1.852808714315234084e+00 -3.663474012858390361e-01 -1.343333727184661708e+00 -6.909641363173748552e-01 -1.124586744775341318e-01 -1.289702855648060975e+00
-1.481689234974443270e+00 -2.649854687663554031e+00 -3.225929397197944692e-01 -1.722835311611609299e+00 -2.293372211217134637e+00 8.565377348137864777e-01 6.929809173714543968e-01 4.800554540271366744e-01 3.243837212641752732e+00
-3.652957681087445896e-01 2.946744050818218552e-01 1.336224509488431744e+00 -7.886482968112922265e-01 -7.876061162452038800e-02 -9.300345340500488778e-01 -3.301575298683621928e-02 -9.286617954289170251e-01 -1.126623037084031997e+00
-1.184462747219284351e+00 -7.659588222820717940e-01 2.161657472559860960e+00 -1.229109911579103986e+00 -3.994419447561277370e-02 4.642961321124798313e-01 -1.006491929164956112e+00 -4.221858871475830388e-01 -1.533131597629001419e+00
-7.040684234219537485e-01 -5.495423446592915262e-01 -4.423902752191070653e-01 -1.200838448070254083e+00 6.275306989182599660e-01 -9.362732505086706070e-01 5.658423738115559987e-01 -8.548251366660244432e-01 -4.587160770185749747e-01
-2.408408064065298948e+00 -1.418594471796970624e-01 -1.731999512908453331e+00 -2.208725148779449865e-01 8.052877897104447902e-01 -1.122183246810734447e+00 -4.280068439080944587e-01 -7.545063858919838218e-01 -2.770839461175315932e-02
-1.737316673528211286e+00 -1.443290549891102614e+00 1.487340548625765146e+00 -3.147859281277983978e+00 1.347777548956050897e-01 1.680184180480762013e+00 -2.391969968591527884e+00 5.561544782939085302e-02 2.139032494483323887e+00
2.051228397720525454e+00 -1.319328943373239582e+00 -5.437512028338074899e+00 2.850519713085234663e+00 6.165016801642622113e-01 -1.543037131837484699e+00 -1.165331129366025342e+00 -7.203456905017676659e-01 2.210165370374361338e+00
-1.998509172499948638e+00 -1.348341482854187312e+00 -1.008101431052132346e+00 -1.337133767624403058e+00 -8.658140561462055462e-01 1.982708462229479052e+00 -3.754002326119374011e+00 3.320765199386816469e-01 8.230354483600436311e+00
-5.337405806778230399e-01 -6.260317316347968619e-01 -5.756436193229936826e-01 -2.344754353261649660e-01 9.902933488446801213e-01 -8.050251004650800513e-02 -7.267624761432356362e-01 -5.371936722570147538e-01 -1.591252141904684558e+00
-1.618305341813721376e-01 -9.662045551393501075e-01 -1.102524420225180934e+00 -8.123656392190451436e-01 -5.015101832577239897e-03 -2.577254864983853366e-01 -7.268942014014426745e-01 5.184815189683090741e-01 -6.966223428996832778e-01
-4.212432701272156854e-01 -1.096435320517890055e+00 -2.565176080847177131e-02 -1.784334569292352346e-01 -1.259408408063858342e+00 1.517493204769426729e-01 -4.235789044459692954e-01 1.443683355226899889e-01 -5.244979862443894802e-01
-1.196906982157041943e+00 -5.445943849375001200e-02 6.370798864750549795e-01 -6.778892875204208801e-01 -7.663463604751962199e-01 -1.854252302171079947e-01 -4.759034464592453717e-01 -1.957160581158324142e+00 -1.564571482711393458e+00
4.706479183682872325e+00 6.812494759644226183e-02 -4.632377019126917794e+00 3.039275585788893341e+00 -1.582828134289241406e+00 -2.955812307158581564e+00 -8.950538071083125047e-01 -6.867063118404632960e-02 8.675605685494522934e-01
-1.542714490870808752e-01 -1.085701939336431554e+00 4.709489468922765987e+00 -5.429307580417490620e+00 -2.630893267468449981e+00 5.530345985703531753e+00 -6.554256101881064112e+00 -1.076403062258422416e+00 7.227826222932467459e+00
-1.492952075352154573e+00 -2.188217703586666119e+00 -1.771138492118632668e-01 -1.220249271001594638e+00 -2.099097235877311451e+00 1.990219878409059451e+00 -1.699163661913988266e-01 -2.105336878274977896e-01 2.162968533094310697e+00
8.377172435259510053e-01 1.190753410743374596e+00 9.526064684107691249e-01 -3.749819425447487586e-01 -1.076081226507404454e+00 1.288817215011206718e+00 -1.685542797179864660e+00 -1.534322872329142884e+00 -3.668109805944674839e+00
-6.119157734444812036e+00 -2.244533617486111243e+00 -2.035258012201651479e+00 3.827851132685933244e-01 1.121924200399111893e+00 1.430538554652869943e+00 2.369015113364329128e+00 2.195969460946861407e+00 5.915837024911507758e-01
-3.656134071307021172e-01 -1.289843983332170207e+00 -9.285315230326351976e-01 -8.024491225717730325e-01 -5.555571143036671655e-01 -9.106020052780660068e-01 -5.320165703903723120e-01 5.460421274743898490e-01 -1.175424485980262057e+00
4.492912551534872456e+00 3.664982330477682404e-01 -4.750914552884898612e+00 4.639453998083715724e+00 5.217370906502877270e-02 -4.832503750733128101e+00 1.792755542900890786e+00 -9.116362762335012970e-01 -2.638779264615543241e+00
-1.370192858570063732e-01 -1.458354744098601996e+00 -4.269782902428004512e+00 1.445887929829096974e+00 -1.270291857344873820e+00 -9.536944118402113091e-01 -1.817507439728955343e-01 8.662388714143037793e-01 3.660674007351768733e+00
-5.917335236324327008e-01 9.606969191818464093e-01 6.326111244824206281e-01 1.057332912781759227e+00 1.824236128798282452e+00 -2.119413352809965900e+00 9.188895903727387626e-01 -1.936403360082745995e-02 -5.263255843618702023e+00
-2.502554959391425804e+00 2.074009277243624161e-01 1.651037211683162198e+00 -4.398889511833786181e-01 1.218301786231617223e+00 5.476472872691303673e-01 -2.211573070371250171e+00 -1.794024675225075915e+00 9.800159629018642127e-01
2.228625598601767788e+00 5.302794812180696704e-01 -3.321769895162712816e-01 3.703661462032467599e-01 -1.437144003106819889e+00 2.180035339451430187e-01 -1.525705598637536964e+00 -1.073229753336720993e+00 -1.969880066726046763e+00
8.875365241763744084e-01 9.458901057114048605e-01 3.222573296539325838e-02 3.000275037830938962e-01 -9.858470020389212829e-01 -7.852598201740556005e-01 -5.373316011312996299e-01 1.613280009912204660e-01 -2.515162397007211226e+00
1.567368826482041511e-01 -6.168630765541597283e-01 -4.730961599208705071e-01 -9.742716565402848028e-01 -1.124276683884404937e+00 -6.059983881802848416e-01 1.167178840849619759e+00 6.439860916863645590e-01 -1.722927027904370911e+00
-4.248942116846577410e-01 -8.604874914037732303e-01 -8.910793791348356474e-02 -8.682366485993013860e-01 8.125861592127825439e-01 3.819256680728183584e-01 -9.988955263701843057e-01 -1.053002526175839781e+00 -9.905739196182844486e-01
1.696657521971911775e+00 6.524048228796425208e-01 -9.978101541270461006e-01 -7.908876013928209936e-01 -6.255310769092816692e-01 -1.294889988442574635e+00 -8.351793378993690453e-01 -8.829952007558571347e-01 7.924788324766920411e-01
1.745651682279087291e+00 2.353536345576765054e+00 3.438935420871042314e+00 -6.117484476978714003e-01 -1.269956974926869542e+00 3.234817498483121057e+00 -4.654546422286292007e+00 -3.390379622109364277e+00 -2.257523412704339094e+00
7.559499288439706921e-02 3.885566870438679210e-01 -1.871040583343215769e+00 4.244404488889189087e-01 -5.400948453136750205e-01 -4.730421605271159860e-03 3.471623383521011963e-01 8.080607815250676063e-02 -2.205234355726580553e+00
7.245632891712869839e-01 -2.097920066579831155e-01 7.611528126285262985e-01 4.284964826262009641e-02 3.214578093298790101e-02 -1.271259872187634699e+00 1.022361197956433099e+00 -1.245442767383259930e-01 -3.863206961933226324e+00
-7.479971970604504250e-02 -7.922637622835676519e-01 -2.039073014337936751e+00 1.349143951702696631e+00 -5.404407814004860144e-01 4.829543341808133911e-02 -9.736977068104684108e-01 -6.812637882226139918e-02 -9.032328159532119205e-01
6.675685015843372261e-01 1.410758396067022025e+00 -2.131067468130843245e+00 2.957142749743080667e+00 1.648341867035175434e-01 -2.228748897974814014e+00 1.427323710183536765e+00 -2.134178635201832819e+00 -3.734779037516772426e+00
-3.011938508850637852e+00 -6.168357857848938419e-01 -2.453289473254146813e+00 2.599261832408839012e-01 2.159252530758291933e+00 2.585220266208618778e-01 -1.193399003213157838e+00 1.962182315991954362e-01 4.840736915520070793e-01
-1.394237755835526560e+00 -8.208643201701362191e-01 -1.611200573898715183e+00 -6.988844607107126405e-01 -8.119020926572386720e-01 6.604497908353660351e-01 -3.641308552477837135e-01 -4.577301869521607225e-01 7.418606443055671962e-01
5.108377454916390725e-01 -7.447306092621345242e-01 -2.247951948473137396e+00 -7.601229087276284435e-01 -6.562626121675707580e-01 -1.273877456296649502e+00 -5.407346948819792276e-01 3.899787218193332405e-01 2.636441269292475909e+00
-3.709230857899882827e-01 1.126189104146493175e-01 -6.237248704089227713e-01 9.428606976414021235e-01 -8.857767153413503847e-01 -9.792963385618662642e-01 -4.447103976417347004e-01 2.576384993915511457e-01 -1.843015221838776307e+00
3.161877060996569622e-01 -2.574677606689517173e-01 -4.358569434543922427e-01 -1.341089317527489833e+00 2.003810639397075322e-01 -7.421333976628050055e-02 -4.641556629841236958e-02 -5.249459777103181457e-01 -1.410742165537965498e+00
-3.835453464699163817e+00 -2.188751455838285676e+00 4.515342249617894654e-01 -1.749604535937786087e+00 -5.290470341115446340e-01 1.537571264751572020e+00 1.342613811154632630e+00 1.432810227487769872e+00 8.101967751072176593e-01
-2.639765545711866945e+00 -5.192060745627822271e+00 -4.287483494160412967e+00 -1.890605168133487890e+00 -1.667440337839472209e+00 2.782430926117015701e+00 -5.438681834733024578e-01 2.295177314431198212e+00 8.362846611396163254e+00
4.379590438184410156e-02 1.658894541885104212e+00 3.276505499563548973e-01 -8.079561419598315641e-01 -1.915417459571468889e-02 2.023888500653263645e-01 -1.515475077390884939e+00 -5.298826266839329335e-01 -2.818510783916146512e+00
6.651129538206913827e-02 -6.182765585311431611e-01 -5.420026539752811345e+00 8.864692035074392962e-01 -4.763416511194499270e-01 -1.920003633400631848e+00 -1.090964083350498326e+00 1.616324273573468639e+00 5.179959741227206926e+00
2.933876426185314662e-02 -5.110046003966476347e-01 4.204412311985699507e-02 -1.279481683648356016e+00 -2.641847570489015973e-01 8.042000661126755823e-01 -1.472903063794539058e+00 -3.465680116098881491e-01 -1.543189266349258348e+00
1.014673144785695147e+00 -4.206695752912295028e-01 -3.419942917810979144e-01 3.911126589527482156e-01 1.011017312078222041e-01 -9.474266151189085772e-01 -1.345356936421250760e+00 -1.193738263723218340e+00 -1.640689816162037351e+00
-1.571008331126261703e+00 8.556212727399761242e-01 1.322330824659707860e+00 -6.829717572576254891e-01 5.580469108101191456e-01 8.121395229989927245e-01 -2.076289335945303183e+00 -1.394365838534884494e+00 -7.124547836901965470e-01
-4.605096292397407032e-01 -1.101826659279508291e+00 -1.010967120533692309e-01 -1.512321840075842305e-01 5.198564845634338211e-02 1.468235099134002630e-01 4.466660406716097542e-01 -7.337609352150854802e-02 -1.627276835132108523e+00
6.573187251756576366e+00 2.456362831824883575e+00 1.298577490447168303e+00 2.454303897983540206e-01 -3.174469957958206301e+00 2.334787483304978373e-01 -7.463021560521828413e+00 -3.562023311451955276e+00 5.255029724879796582e+00
-9.292152528360134722e-01 -1.601351893611547006e-01 -1.650537589485193912e+00 1.112350390848808823e+00 8.302558853773404079e-01 -1.332380441201726162e+00 -6.318256215536635079e-01 -9.678517685959685535e-01 3.452675822920215909e-01
2.180196855960621072e-01 1.637341970464653851e-01 5.891727302769432517e-02 -1.193659901593694617e+00 2.413895108598902717e-01 -1.390397004097213562e+00 -1.603538186503712160e+00 -3.699588616465700891e-02 2.375102376957152484e-01
-2.016347038465850172e+00 2.151617524502952072e+00 1.661723718892807122e+00 1.593504066579331857e+00 2.613605842886066011e+00 -1.964276209492510361e+00 1.682368236972590747e+00 -3.259428021593052671e-01 -8.193679965253693354e+00
-1.004812278346937315e+00 1.048744954886283498e+00 7.568162172401121657e-01 2.312891697219632003e-01 -3.510220319970396297e-01 3.388547030403125937e-02 7.835469323086658999e-01 -3.481734755478708698e-01 -4.052146031445444940e+00
-1.954612023742529736e+00 -2.683218001430642374e+00 -1.294086083606778681e+00 -5.533757371928232915e-01 -6.585538917861845087e-01 -7.018963170238821936e-02 8.101105506681074431e-01 8.058186105567599622e-01 3.073438032775962725e+00
-1.015994460518867770e+00 1.576976927275488105e+00 1.474730483663361236e+00 -1.748142894014846904e+00 -2.632107889662657074e-01 1.797354308558019031e+00 -2.160491275775122233e+00 -1.565306241144208688e+00 -1.159282026078183092e+00
5.426569131902010401e-01 -1.090547355383720135e-01 6.634867476174953760e-01 -1.110995092261136463e+00 -9.786681906713287082e-01 -1.712711108198354815e-01 -1.400717989331700997e+00 -2.330565861732194932e+00 1.857210506043363907e+00
2.339962688105138522e+00 -6.110962502911685412e-01 -3.616086733909308126e+00 1.926348293205065731e+00 -1.776305709783668974e+00 -1.357861542902836893e+00 1.458960538322578548e+00 3.692749275310835966e-01 2.328947592548821000e+00
6.293874824792958789e-01 2.476534188122946123e+00 4.878437590038773308e+00 -3.210229106099225849e+00 -1.781816631444395060e+00 2.648585551349966316e+00 -4.478742724997846203e+00 -3.565165834046663207e+00 4.977182346619874465e-01
-2.027220348233222058e+00 -1.388551093571860129e+00 5.546513918503791496e-01 -2.013342871284772961e+00 -4.907901737349251170e-01 1.207306331637024999e-01 1.043984506993095529e+00 8.350390429446370444e-01 -1.111508812599165230e+00
2.042569472984525625e+00 1.403412310145815411e-01 -4.499757246485168727e-01 1.758515192050467690e-01 -1.248226796474406930e+00 -6.921131599799216216e-01 -7.321232142487024142e-01 -8.732207374215786855e-01 -9.735636688922055804e-01
1.888151627366523033e-01 -8.553151697597153325e-01 1.576844009766224450e-02 3.900055706724325777e-01 8.234150935096276047e-01 2.337031119845627836e-01 -2.324819999877876686e+00 -5.050204828843222193e-01 -1.609777674173358486e+00
5.381280601741836866e-01 -4.678037930316412130e-01 -1.491137502542945192e-01 -3.906488567480019825e-01 -1.635823099555579196e-01 -2.016503919238410714e-01 -1.597376931326271343e+00 -7.155002100611462801e-02 2.798616855460251074e+00
8.218394336318267379e-02 -1.538165636844093909e+00 -8.151317212576134619e-01 -1.020135734612196865e+00 -1.257429709673493212e+00 1.400650719381852705e+00 -5.210866122204020900e-01 8.597132437691011597e-02 -4.419011098420220218e-01
-2.244748202533216830e+00 -7.863232367025644320e-01 9.307119498884852682e-01 -1.119636585042831145e+00 1.214480107406324061e+00 1.246136495533263666e+00 1.621546353120120409e+00 1.062833261148623532e+00 -3.442343384817309726e+00
-8.865566287668550371e-01 -1.677138161250958936e-01 -1.016874335381415806e+00 -1.153680821244520427e+00 1.679553533049591152e-01 1.608776351341099919e-01 -9.107953989593421396e-01 4.946301756470550259e-01 -1.124824320782216863e-01
2.693420402761186327e-01 7.842333337747833255e-01 1.838414078283121089e+00 -1.970996369232518752e+00 1.922948357051791346e-01 1.809200670364594421e+00 -1.995169260483754536e+00 -6.956367699516427527e-02 7.698523087849460378e-01
-2.827094185711338525e+00 -4.071486066401827641e-01 1.630370913061706561e+00 -2.193376775947210255e+00 6.346188762751613366e-01 -5.937063885150792863e-01 1.242847575582953334e+00 6.055171470922257049e-01 -1.612324326770136595e+00
-2.662331781462705660e+00 1.505376264264416841e+00 3.358048306805792027e+00 -4.245431486669752341e-01 1.146668487222329835e+00 1.796947377268508506e+00 -1.598021228811931094e+00 -2.449118332929533182e+00 -2.799643991659868547e+00
1.645501825227864368e+00 4.944959625940553494e+00 3.337716170458117304e+00 2.908015992047733977e+00 3.070022009853860201e+00 -7.682078677763444219e-01 -2.071559826862303666e+00 -2.677909636981166575e+00 -8.739193116174323706e+00
-9.272417875190923642e-01 -1.323806764967218053e+00 8.276740819247130343e-01 -8.386334889656469338e-01 -2.131740900894758539e+00 -2.076486095608427035e-02 -1.268365220786957348e+00 -2.151798772938345317e-01 2.432432665153267060e+00
1.411079998383949485e-01 -8.568269770091088144e-01 -1.502571491441726081e+00 6.926074977741716321e-01 -1.451082040231620240e+00 1.411754323114361442e+00 -2.625583182053322417e+00 -3.073091642587824635e-01 2.801311996359677758e-01
4.223625161732276645e+00 1.541279418405856472e-01 -1.088999947411205094e+00 2.435869460303774936e+00 -5.670931455890680928e-01 -1.625014211121370789e+00 -1.044078806581031138e+00 -1.658807349441204337e+00 -3.538473557028624761e+00
-1.916631293838524153e+00 4.611441582758269431e-01 1.730686187912210627e+00 -8.531938776475180841e-01 -3.142583733533402257e-02 1.118141434461416006e+00 -1.277505917144289294e+00 -9.127132801752393387e-01 -2.251946628629030833e+00
2.649518893970337352e+00 1.296339365998447457e+00 5.470850023763090819e-01 -4.880241134451394069e-01 5.181100462644485649e-01 -1.032011252342175833e+00 -3.007980458988464445e+00 -1.362758782438848515e+00 -1.813183480208179654e+00
-5.493952528904328947e-01 9.535888382140745856e-01 4.701269412298199613e-01 -1.903528751412517928e-01 -7.080406245706083457e-01 2.078632329413507007e-01 -2.291971174004138467e-01 -4.290664014491027412e-01 -3.067209167455801744e+00
2.416073041962000012e+00 8.263996845861477647e-01 1.030767460007344871e+00 -3.605554237340108381e-01 -3.002414956962593529e-01 -6.222455084943827597e-01 -1.559402468996428759e+00 -1.563320723132505474e+00 -2.284050086322105599e+00
-4.373594112749833451e-01 -7.234903793099699276e-02 4.612008273068990069e-03 5.219905709308563235e-01 8.978354856881144430e-01 -1.650840386463853005e+00 -1.010941676122585897e-01 -7.980969855259467671e-02 -2.063988319050825915e+00
-1.967177966870311323e+00 -1.586449298683365594e+00 -7.319397511443984650e-01 1.094407622052201878e+00 6.713228727924643868e-01 -8.361012512216603465e-01 -7.307630059991708504e-02 -6.438569953236699117e-01 -1.232849615947636673e-01
-4.547200671907130620e-01 -2.946573612661408936e-01 -7.697272880997937383e-01 -9.065734154156233071e-01 -1.851842829961762235e-02 -9.469572927184409794e-01 -5.104192967511956835e-01 5.605795443664361999e-01 -8.240735798404722479e-01
-2.319741430699441900e-02 7.313637934405947671e-01 2.342187820588754188e-01 -6.752275396498645943e-01 3.396484124585482101e-01 -3.162461628925622992e-01 -6.805447519216960561e-01 1.046491389561850643e-01 -2.967126078952053270e+00
-2.610529340428232370e+00 -1.206975945594098293e-01 -1.712668296959132030e+00 3.055152784138809308e-02 1.262508330028414338e+00 -1.929367225402902397e+00 8.538745123859553532e-01 1.384703126924636596e+00 4.884645950420280491e-01
-5.567639174657608159e-01 -4.930776615662866291e-01 -1.266453239203119807e+00 9.503713562324106467e-01 -7.966694049889360141e-01 5.643402320921703762e-03 -6.151041383586616229e-01 -5.599071525840463304e-01 -9.164535053630612493e-01
-1.363411966115954943e+00 -2.625953517593070385e-01 1.338544390128331429e-01 -1.001776833204851780e+00 2.176358291199722295e-01 -9.424573389806023549e-02 -5.387242602366781874e-01 6.235844753322766776e-01 -8.508596564445813915e-01
-1.403594959006479348e+00 -2.149614693175038838e+00 -3.064434273220644211e+00 -2.352198718378043507e-01 -1.663363890135687584e-01 -1.205297594865809119e+00 3.775504198783782517e+00 1.289815534440121869e+00 1.558350130599553296e+00
-3.211180934742113635e+00 7.496645964098239689e-01 5.096487770822085039e+00 -4.160393548369608396e+00 -6.598829271966557553e-01 2.719551292282384125e+00 1.320502417620319946e+00 -3.091841332984590074e-01 -2.955087196193754706e-01
-5.117720942508205972e-01 -1.194952397408393763e+00 -3.605569480085020206e-01 -3.196366193158302504e+00 -2.673684762868043130e+00 -4.983784282374898456e-01 -6.766094279745256124e-01 -3.952111773850446319e-01 1.510781840619342509e+00
2.207432699005845045e+00 2.378954256418181146e+00 3.028547397440420674e+00 -2.807846168139027654e+00 -2.288492224834388189e+00 -4.224190473408019342e-01 -3.467389387608523332e+00 1.241016900498454478e-01 -7.932315752416726484e-01
1.322773340551689936e+00 1.035856819161546483e+00 -6.933515955992733404e-02 3.163672973093090146e-01 -2.033842337076075812e-01 -8.951427383784363867e-01 4.722605843207716703e-01 -1.373078024427728527e-01 -3.424852895976262523e+00
2.701152964931015643e-01 -3.366993082900480161e-01 -2.261335698445966269e+00 1.108461292002608456e+00 3.434448553866981113e-01 -1.662073467729760168e+00 3.707614248905851118e-01 -3.460543343796498861e-01 -1.396997112524974938e+00
1.947716871374048031e+00 7.121385454212120214e-01 -1.370789865599265855e+00 2.112322780730540916e+00 8.696140009449472297e-01 -5.963691716009797972e-01 -1.872253220372550597e+00 -8.824170968010593974e-01 -3.937081525917689173e-02
-3.855414984685739954e-01 3.945532086397269267e-01 1.921804071543500969e+00 -4.173583055824312105e+00 -2.703811828827352937e+00 9.536707765845402474e-01 -3.406672278492425043e+00 -1.038113573163883752e+00 6.549991793813952690e+00
6.334730774859771429e+00 4.542231498047239135e+00 3.058634788116929126e+00 4.785229572745011595e+00 2.685377370142451703e+00 -3.089161138821800989e+00 -2.155515895485108135e+00 -4.915709990466692325e+00 -9.803461041954122379e+00
-4.060553117503707954e-01 -2.280562024818299782e-01 -1.311431228494324586e+00 2.076448266731136805e+00 3.838731817205440766e-01 -9.411917056888021715e-01 -2.281513661928679382e-01 2.174974870767676718e-02 -2.310067957551587892e+00
3.177885703006903650e+00 8.117202079493595068e-01 -2.402051374564523334e-01 3.784888185607784838e-01 -2.121037513228353433e+00 -1.895620953744079129e+00 -3.389814806446515671e+00 -2.395530052804957677e+00 4.628326418866580916e+00
1.056285472427327815e-01 7.886121994539555535e-01 1.141512327731614374e+00 1.056114701849120818e+00 -1.738266101657529372e+00 2.276118236335401002e-01 -9.871012351063331858e-01 -2.641677025116275335e+00 -1.736459737719326046e+00
-9.041969787205222930e-01 -2.028552994876044735e-01 -1.640073337752998794e+00 -1.670147243102265977e-01 -2.426721820477197034e-01 9.699589304878172280e-01 3.938797944843228649e-01 1.144149712826063814e+00 -2.797758455500594987e+00
6.613228360072526124e-01 -7.038128431406128760e-01 -1.049492207640460695e+00 1.416395804729852159e+00 1.068971012048450575e+00 -1.546319609938276107e+00 -9.866612097998065378e-01 -5.741669380115174137e-01 -2.157974808585514825e+00
-1.896302052225513401e+00 -8.740809814594279192e-01 -1.959158334006414703e+00 -3.121357189103845520e-01 2.583439474556045723e-01 -7.174373994191325654e-02 -9.578452179152582291e-01 2.092231072999492861e-02 4.951532240875171076e-01
-3.862446771701169013e-01 -1.474128179571222663e+00 -1.448451101798867713e+00 -2.253039068674060896e+00 -1.917494236600837620e+00 -1.624226424115013279e+00 1.442652844587934080e+00 1.842630444875423823e+00 2.226850463128315472e+00
-9.171322293341249710e-01 3.864570805383288898e-01 1.282559062202201172e+00 -1.295390575349279372e+00 -6.344521837995751312e-01 5.836780863319493973e-01 -1.498561910746899706e+00 -1.709720765215244631e-01 -1.713724876285352750e+00
5.507222570631517544e-02 -5.600506369603697188e-01 6.108721607463346581e-01 -7.768732056604460423e-01 -1.083887359854933008e+00 9.896449086790164440e-01 -2.483390939046534740e+00 -9.235737619824777589e-01 1.354926432607367559e+00
-4.464626508841427754e-01 -1.090447237040750084e+00 -3.185977797660743960e-02 -2.577441653832714397e-01 4.242731455375576832e-01 -5.491035423662112835e-01 -6.326702640103045727e-01 -6.926282441455728911e-01 -2.999210503765067926e-01
6.994302788492181566e-01 -2.261623484733054301e+00 -6.434094091053402242e-02 -2.681776908622498734e+00 -3.531720356020250140e+00 -1.431936323677249767e+00 2.614960808099394018e+00 2.180617500599549174e+00 2.402864590468915207e+00
1.775277013554340311e+00 6.549505707458658232e-01 -8.368740958915011907e-01 3.767525499344209078e-02 -1.280091047455690287e-02 -9.205148119849958510e-01 -1.251124296358266497e+00 -3.312726256770434641e-01 -1.532761110772550062e+00
1.344350127002340300e-01 -2.580009593628520004e-01 -8.182318272554626182e-01 8.172491689676388837e-01 -6.757397213387227319e-01 -6.799395953038420704e-01 -4.604248924362468465e-01 -1.105137088808296975e+00 -1.139323516710594175e+00
1.064096061495034329e+00 -1.337903486438831280e+00 1.434145293880038918e-01 -1.784958749483171347e+00 -2.120816029703780359e+00 -3.803348424337738010e-02 4.427954905034907074e-01 1.001645440059600434e+00 -4.478118069958905711e-01
-2.245427688563647717e+00 8.473984871845995359e-01 5.244521632017532298e+00 -2.796887302003511877e+00 -1.456294690694411642e+00 2.130134284328694783e+00 -1.473913112273111503e+00 -2.129852977939401093e+00 -1.538677859350335297e-01
-1.523161592920119212e+00 2.189339304624985383e-01 1.162927529652997505e+00 -4.731094215176713802e-01 1.120374620386916265e+00 5.702129086776314137e-01 2.619464574504166143e-01 -1.340979906038949787e+00 -3.380964176959893042e+00
2.062480744486352435e+00 9.486734856500803614e-01 -1.406961112603852149e+00 5.984194753742289041e-01 9.974793895203698524e-01 -2.382614119153387833e+00 -1.450750958870377527e+00 -6.295097152917217276e-02 -2.099426186811513162e+00
5.467588271047657544e-01 8.177850469575591308e-02 1.425243458196183477e+00 -1.988770054326547632e+00 -1.532871888205925348e+00 1.576832955519978041e+00 -1.491916209948282557e+00 -1.705078075791012227e+00 -6.375936511152792141e-01
1.817641065709575399e-01 -6.310501688387042396e-01 -1.477575300179934104e-01 1.702604751330585087e+00 1.169189494002974783e+00 -4.410233566345888589e-01 -4.843894080951955949e-01 -1.853620881790415120e-01 -3.952130220333688992e+00
-1.284901052792484011e+00 -3.721583560839215599e-01 3.395035842322662312e-01 9.316747198662158128e-03 -1.119213043565765675e+00 6.234843147989533874e-01 6.939417148360415011e-01 -1.199508194781692350e+00 -8.358572806097965824e-01
-2.377209138244278930e-01 5.893703380998610575e-01 -1.625253033727039664e+00 8.517148329955511743e-01 -1.227299790640856703e-01 7.137799099935774327e-01 -2.207907516868227393e+00 -1.744458505039216512e+00 1.022934055154626071e-01
9.334862201994152068e-04 -2.503054046924128029e-01 -7.689415983463576687e-01 2.076484285896973148e-01 -7.874880522232032831e-01 -2.504182531098572140e-01 -8.530105931466264169e-01 -1.920556051806964759e-01 -5.438077954246490764e-01
-5.504826923742284217e-01 9.510292610258198609e-01 1.015700013274978275e+00 -1.129479881578599354e+00 -2.185329724985820565e-01 8.358432462371857552e-01 -2.016537909686588304e+00 -2.338315368236390801e-01 -2.621419077346797355e+00
-1.904450436969189031e+00 -1.046062415368697485e+00 -1.638949646825499373e+00 -1.754206853681965717e+00 -2.808944772938566925e-01 1.406259609966886703e+00 -9.437566410223162672e-01 -9.956592697579891293e-01 3.310292713022912725e+00
-6.778494627419642260e-01 3.441976869439727360e-01 -1.921434456607108987e-01 -1.492134803897575246e+00 -8.696745465389855712e-01 1.751640367210975657e-01 6.087050175312861411e-01 9.342699706231294421e-01 -2.270648860876833375e+00
9.698011579752255362e-02 3.393380625688244834e-01 -3.522686550307135289e-01 -1.373828468264516989e+00 -7.115375084121179361e-01 -1.509868140846043261e+00 1.205780376405223064e+00 1.468977379035838471e+00 -1.791211098352634146e+00
3.424661670544065784e-01 -8.899762314091982374e-01 -1.057122735294329763e+00 -1.155734418450268697e+00 -3.310594631714988134e-01 -1.079057413375635655e+00 -7.302216225967574914e-01 1.247632234755847280e+00 7.767613894961142851e-01
-1.084168716497052820e+00 -2.023507507832075891e+00 -2.511050813125484948e-01 -2.209008771673726668e-01 -3.621322876771757016e-01 -1.084400185261932270e+00 1.027035122295363090e+00 -4.155374933560509465e-01 3.801074450963112805e-01
1.690221942464550819e+00 1.725852180476991293e+00 1.393979198588020330e+00 4.334250499506983045e-01 5.007311205778277596e-01 -3.036639770158060941e-02 -1.452038956028022465e+00 -1.925280436833632924e+00 -5.730553469190574845e+00
-1.496090388433737095e+00 -1.306167638972731027e+00 9.114442868540971743e-01 -2.308251866985981948e+00 -1.475063769493677901e+00 1.065401759514623237e+00 6.609598310419050327e-01 2.108294370469336876e-01 5.673524420600066787e-01
-3.428424141068114217e+00 -4.795009100079609121e-01 -1.390964425981883634e+00 -1.013748624837321199e-01 7.659658540944205285e-01 7.223972973366413752e-01 -9.010334904732753003e-01 4.697558158457004196e-01 -8.373685324963529020e-01
3.079124587230026577e-01 -2.257245274508938859e-01 2.968518621891114151e-01 -2.020263763199278362e+00 -1.807103927010491329e-01 -1.892039905005933886e-01 -1.226703015698331845e+00 -9.878381365135290304e-01 -4.234061284244881596e-01
-4.446345959707900253e-01 -9.235238673527136344e-01 -7.505633534945621577e-01 -3.252994033766684057e-01 -1.114560573585300141e+00 1.811727036700353510e-01 -1.062022587303663501e+00 3.143917990333833790e-01 -5.724946897151916847e-01
1.264275335996841165e-01 1.530916870607381908e+00 -2.184177957798952185e+00 2.295128904125024683e+00 2.459269461889705966e+00 -5.194174415168523185e-01 -1.920150428075374283e+00 -3.659791318039868346e-01 -4.371998752771871999e+00
-9.343032471173017273e-01 -3.275695480406220383e+00 -4.165017431926623992e+00 6.400945286765764575e-01 -1.901239674118505307e-01 -1.041035221576044112e+00 2.385435149522181053e+00 1.012891912780882198e+00 2.516804436326843142e+00
-2.373540263657756555e-01 -4.772509565055410574e-01 -1.043454756428544572e+00 2.066651322375842703e+00 2.602658096895210105e-01 -8.541728845488304467e-01 3.094949107883865569e+00 1.144655670095079625e+00 -6.491090775827199622e+00
2.252603347303127723e+00 1.239023299122008481e+00 -3.534217077881537938e-01 1.171560282697947430e+00 -1.022195412325070052e+00 -1.903655034300052673e+00 -9.015094796652325382e-01 -1.377482214005011807e+00 -4.667656752634403716e+00
9.171449679310893222e-02 -1.385940537182497101e+00 -9.608518701202644063e-01 -1.025480747914580659e+00 -1.043798630236083325e+00 1.928056486910256773e-01 7.120370905871064027e-01 -1.118708337137281905e+00 1.020185406929427357e-01
-3.639786130208918502e-01 -4.721905641160406564e-01 -9.625204904388378058e-01 -4.190813266631108203e-01 -6.824869951440933891e-01 1.372024092510458482e-01 1.377491672031156744e+00 4.255700940309922187e-01 -1.771103411327527022e+00
-8.571492641770416254e-01 2.192632114941859330e-03 5.173308639550124877e-01 2.704462704435946496e-01 -7.575878152860440196e-01 -6.158685941740298375e-01 5.467185245192062171e-01 7.132398705923830295e-01 1.664970297398736587e+00
-2.325417728721020261e+00 -4.928698252402192725e-01 5.397240529544559129e-01 1.444260733930144425e-01 4.819478128653754134e-01 1.079443638385958748e-02 -1.304914704551458637e+00 -7.232592932967113475e-01 -5.853393076180110066e-01
-3.035535087981462432e+00 -1.318275334009836319e+00 1.902176332257832447e+00 -2.503566066825056335e+00 -2.458139629155128514e+00 -1.377802944015879549e-01 3.379771804550304015e+00 1.815515827052965658e+00 -1.310957301725348634e+00
7.262735338672363206e+00 2.950651672948111592e+00 -8.042154527748480719e-01 3.583168211821791349e+00 5.894073106812963703e-01 -7.957706894721902069e-01 -6.478173322558275160e+00 -4.675709924621073377e+00 -2.910041206181146478e+00
-3.871108331432833172e+00 -1.969590776822932154e+00 -4.945117653600944810e-03 -3.328120426170810831e+00 -1.594941702193859889e+00 1.086254315602688258e+00 -1.834144339481766361e-01 1.373699222604223946e+00 4.630916505921731208e+00
4.797835272259757255e-01 9.197367731986593187e-01 -2.323116130440161076e+00 1.171903214285955119e+00 1.316141923782449208e+00 -2.637052124366795258e+00 4.714966294684662107e-01 -3.357081875484876909e-01 -1.813598595542661895e+00
-3.516393999598553255e-01 -7.296634424032850674e-01 1.182322954001876036e+00 -6.068232338368925172e-01 -8.359821066613047913e-01 9.518269001995881551e-01 -5.744578909749058493e-01 3.758580611330422649e-01 -2.462744395558960520e+00
-3.426097602306551249e+00 -5.269005135037267529e+00 -4.527040232179751378e+00 -8.038635713634623148e-01 -1.438189188569766630e+00 2.691600333641085419e-01 3.066327633561175325e+00 3.717683128713288099e+00 5.358031652557981417e+00
-4.636986789601138526e-01 -7.248564372358085039e-01 2.511616736453243237e-01 -6.562957693378330681e-01 -1.706070044592755908e+00 -3.689738933490605000e-01 -2.919364766144462719e-01 -1.530723156830535947e+00 2.643385410250581602e-01
1.165413993329187381e+00 7.113511521311548513e-01 -3.209377571163597676e+00 2.055107267609092236e+00 2.573314100028940121e+00 -3.188129695468135960e+00 8.585005424430790510e-01 5.660997226235515711e-01 -3.965629080275860918e+00
1.183122023976620252e+00 -2.577151318038548133e+00 -2.410628529839666523e-01 -1.365401256818205677e+00 -3.042744087613161952e+00 1.253560464260422114e+00 -1.305348331751900348e+00 3.253839471084553625e-01 5.751884570978770483e+00
-5.454424867323564019e-01 -3.174957739341347507e-01 -1.355367047033533723e+00 -5.927546769858642595e-01 -4.339682312301042511e-01 -1.823342749804524265e+00 -2.039684476536216262e-01 -4.444945711527016896e-01 2.491423119933696972e-01
-1.931912267562517105e+00 2.138179187951459170e-01 1.777375233292792123e+00 -7.313044453682064905e-01 1.125842330955598269e+00 -5.355127599911433528e-02 1.842096776240683131e-01 5.216995754590814105e-01 -4.628461885182175273e+00
1.323552871169874745e+00 1.244496219587877039e+00 -6.844264722004285151e-01 -1.225453507185773727e+00 -5.198485553529076375e-01 -2.134544807656817977e-01 2.879875982353792274e-01 1.995258917261909737e+00 -6.623162342618129639e-01
9.128614748679853008e-01 -1.492509770153173543e+00 -3.158862860550035734e+00 2.218187907007694193e+00 3.611174723102814066e-01 -1.700859547303010588e+00 7.435311199474634591e-01 2.136046734854383788e-01 -7.775774340158633224e-01
-1.102552651179655507e+00 -1.201093827931664082e+00 -1.012737532010067776e+00 -1.537942596161969044e+00 -2.764661141153574309e-01 6.583434333267034200e-01 -8.508774463939553501e-01 -1.060044371430611809e+00 -3.163943368562764646e-02
6.383847559749564748e-01 1.923427163117606531e+00 3.112771064538647270e+00 1.840669957875193052e+00 2.238823854837486138e+00 -8.354428848696832111e-01 4.010957556262466639e-01 -1.331492198808523320e+00 -7.071580517049107506e+00
2.357949258843820228e+00 -1.700360392721412373e+00 -5.942532018459677490e-01 -2.445754342785421975e-01 -1.408726229153715037e+00 -6.796804030507960226e-01 -2.956641579679193832e+00 -1.825364446392901741e+00 3.674297479811366784e+00
1.140123350564000049e+00 1.690986668316836417e+00 1.858279362245681965e-01 6.527466606762740708e-01 1.073928488871084053e+00 -1.020262731494239045e-01 -3.106998681171152743e+00 -2.004296161783339691e+00 -2.943662656593057037e+00
-2.965644292370500090e-01 -1.536255450908382114e+00 -2.389388428642667428e+00 -4.622957751775555457e-01 -2.955665727120958541e-01 7.126875348656264153e-01 -2.271470146041342009e+00 6.314287664052287141e-01 2.305311855995902270e+00
-4.143599182593320496e-01 -2.980639750174704616e+00 -5.044553200854490882e+00 -4.797932896647560952e-01 -1.128499082171945833e+00 -1.139491422584423486e+00 6.208835380936059689e-01 2.570266109727842530e+00 5.716080727919048421e+00
4.256003377593360781e+00 2.967378227784016165e+00 -4.795020746862532768e-01 2.485160423519743311e+00 6.283878277124863576e-01 -1.979110623349772613e+00 -2.672804785283457552e+00 -1.630635283073982755e+00 -4.777509553552716781e+00
-4.642513551690089502e-01 -1.277039731345878115e+00 -4.529824909440687275e-01 -6.497623997989039335e-01 -7.007534607600912624e-01 -1.031248056859729978e+00 -1.106430096358554799e-01 1.387033196606427987e+00 -3.144546258852025100e-01
-1.369759624223858774e+00 -3.266382939617667458e-01 3.780906688918730385e-01 4.903217250254198745e-01 -3.191589486765077921e-01 -8.988200009741299512e-01 7.382928808731721304e-01 -8.416303993985582710e-02 -1.921412069309099691e+00
-1.037165821810027477e+00 1.144010723775213512e+00 -3.454759998226325513e-01 -2.931179678974834557e-01 2.881962999191276520e-01 2.348300146994285187e-01 -2.252486612007991162e+00 -1.701292449274361074e+00 5.211537582922617373e-01
-1.138840289778599857e+00 4.021544726308413087e-01 -7.369192066005503250e-01 3.017690714859636580e-01 -4.036779888477908806e-01 -1.040724083033984559e+00 -1.836849036673341873e+00 -9.151514094691901580e-01 -6.771654865910706200e-02
-1.265286002855123604e+00 -3.853588268842074172e-01 -1.860882819548384637e+00 1.058476373284200189e+00 9.905635167601785085e-01 -1.323224386006842945e-01 -9.112531721606381696e-01 -1.102100143951523448e+00 -1.364111629348909727e+00
-5.127429633676744203e+00 -1.173304806062378969e+00 2.336378508499036055e+00 -3.023378096718317920e+00 1.118571505761018159e+00 2.219422838317389512e+00 9.460748363730379917e-02 9.978660539891882619e-01 1.065406303098527241e-01
-4.967740155849300066e-01 -5.127394678759852331e-01 -8.227453548124780136e-02 -1.527857117690679889e+00 -2.071216395652108577e+00 -4.651668172473850671e-01 4.185897743900023893e-01 3.999780097641807974e-01 1.003364420045289362e+00
-5.500844031950771207e-01 -7.553730934257253393e-01 4.750496394968399816e-01 -6.180923839643577278e-01 -8.422548076343765455e-01 1.055831281100041652e+00 -1.102129657662405782e+00 -8.841410153201858524e-01 -6.436156140779597523e-01
-1.910044171008144220e-01 -3.497473450247027493e+00 -3.561621656504841749e+00 -1.403507713369475773e+00 -1.779359716398833058e+00 4.068022278283017212e-01 1.002876825600659272e-01 1.901043292633865844e+00 5.255580640075639742e+00
-1.077882361773323749e+00 -6.214001018125172582e-01 6.196962847787795825e-01 -6.279342047175564545e-01 4.808863202318897079e-01 8.305368549523283184e-01 -1.091107013677062199e+00 -5.208711394246443582e-01 -2.183976801369181153e+00
-4.897155985734633621e-01 9.645609085133678429e-01 -1.023078475248644370e+00 -7.644106075671270872e-01 -8.935884406776051225e-01 4.936221826908118171e-01 -2.530776345183849418e-01 3.325196826295886282e-02 -2.211990351095949769e+00
-5.117620159528287749e-01 -3.035219707991703708e-01 5.095790736041021507e-01 -3.918252919706853854e-01 -6.901860970253699268e-01 2.043262355547453168e+00 -2.092512148535382810e+00 -3.748944661407663803e-01 -1.678779031018268864e+00
-2.310117610123372689e+00 -8.684161797902711921e-01 -1.262380574258472832e+00 -2.020150114434369648e+00 -5.737276435726076373e-01 -1.471414048738005409e+00 2.642353265277868068e+00 1.328433654783773177e+00 2.080437144986520437e+00
1.160855364491040209e+00 -1.196280831770234920e+00 -3.713592833064696119e+00 -4.661971123677417506e-01 -8.807652653485583683e-01 -1.563386321407739810e-01 -1.781496476962435294e+00 1.266643917270559583e-01 5.142383046236023603e+00
-2.105435028354228630e-05 -6.440762711112514305e-01 -9.272521184141930828e-01 -9.435318978332218887e-01 -4.461347505901844257e-01 -6.177928387948162375e-02 5.824964529537254299e-01 7.008066131823477152e-01 -2.131381845258408347e+00
2.875601108007877826e+00 1.095818071026847695e+00 -1.768936688059665752e+00 -1.256759094712531777e-01 -3.052318721193917894e-01 -2.194751926230110506e+00 -1.822529210892664064e+00 -2.113502906054122388e+00 1.313246204223015745e+00
-8.493151688531144217e-01 4.328683979915295965e-01 -1.755562790438943477e+00 3.923715967990579201e-01 1.100061058739937536e+00 -1.498881027823500967e-01 -1.859528409533859561e+00 -4.512021695961733747e-01 1.487700027528639779e-01
-2.725469973441322580e+00 -2.913795861895461803e-01 1.089540044244670991e+00 3.912237022848576162e-02 1.352856412041981038e+00 -4.500223593483015927e-01 2.474811437558704252e+00 1.321771997609837879e+00 -5.784596521558731830e+00
-9.287103455018305143e-01 -2.306918588587427987e-01 6.497442046763505230e-01 -1.587528307884992662e+00 -2.809394980127077890e-01 -6.165375411723746923e-01 2.145606931808605455e-01 2.413993722122353691e-01 -1.526163144884084222e+00
2.665528725312173441e-01 1.702017951829289111e-01 -1.210500259208561608e-01 -9.172511049170757602e-02 -1.330593892789116328e+00 -2.435490158174865305e-01 -1.660778225558375620e+00 -1.404699146157616152e+00 2.829029157974208841e-01
1.197790031788086518e+00 9.171229362714360123e-02 -1.067917214574094942e+00 5.667072694817568701e-01 -1.174050506395701410e+00 -1.384795347284217160e+00 -4.379583872639706832e-01 -5.545003074936762921e-01 -5.807878940343720320e-01
-1.087044666477219756e+00 -1.055163293851369977e+00 -4.141899691446371823e-01 2.860947935177712842e-01 -5.846441223139664523e-01 -6.679862194400139064e-01 -6.326549531760435052e-02 4.891242232765153353e-01 -7.222474839762194065e-02
-1.346265433812600554e+00 -2.235024765135838754e-01 -1.060304968168638506e+00 8.941762943367606575e-02 -4.392389775202029667e-01 4.195108760051963204e-01 -1.035866394203496244e+00 -6.557783717190092121e-01 1.457753962572502504e-01
-3.044901757449792523e+00 -7.894013307992919781e-01 -1.025127634287396505e+00 -7.201591420480847328e-01 -2.978446985402207758e-01 1.942663331681142802e+00 -2.444480256619467440e+00 -6.292833278360434601e-01 4.095686077580107387e+00
8.191551866425972328e-01 -1.869255927103138371e-01 -2.304292676557044284e-01 -7.340793933327097731e-01 -7.356733371238447505e-01 -1.650412493834075400e+00 4.551913153678094348e-01 6.439320243066504190e-02 -1.328327543040315861e+00
-3.915538246770867037e+00 -2.699913480135377242e+00 -1.285327417352999380e+00 -1.260487389382724643e+00 -8.007124577635920115e-01 1.084850105014138144e+00 2.181033056879310983e-01 2.069593072634165198e-01 5.331769620505681928e+00
-3.338839007236568790e+00 -7.611642219584009439e-01 -1.308611331681154732e+00 -9.984142598713376948e-01 9.135059859121338333e-01 8.590406887986021811e-01 9.952554848021117895e-01 3.882670102312534843e-01 -5.912439991387454796e-01
1.132350089563306739e+00 -7.623598150264838669e-01 4.774668863953559356e-02 -1.441787023751184282e+00 -7.198367020987138654e-01 7.329082173758950658e-01 1.239298699676218529e+00 -1.025005554816029951e+00 2.265174548002728105e+00
9.723905089994591688e-02 5.098428791891952000e-02 -1.095200356846711243e+00 -3.027964440981743000e-01 -5.292220201280314340e-01 -9.420121862165535820e-01 7.695734741809873158e-02 3.566945883713343313e-01 -8.419722549314624382e-01
3.250937977007760660e-01 -8.258125337331247151e-02 -1.907904859075420179e+00 -7.585295843479938904e-01 -6.773842016179483227e-01 -2.130128552093923933e-01 -1.803273847787721040e+00 -2.661922980847875597e-01 2.348782006601391803e+00
5.087104732708571525e-02 -1.132221157492069086e+00 -2.770538373327748438e+00 -4.400852983073766378e-01 1.827369712399788682e-01 -5.922957768425206604e-01 5.591217767846411446e-01 1.680466615973287503e+00 -5.357719087360259813e-01
3.666002803025358303e-01 -4.005144627318414918e-01 -2.378563403937150877e-01 -1.139503472793993000e+00 -4.038045474295661741e-01 -5.357953527325913790e-01 -1.531204633861148245e+00 -1.111185160232374791e+00 9.713346982646701155e-01
-9.783039280259294701e-01 5.760074851361446369e-01 -1.446698143977210416e+00 3.149815791147915767e-01 7.774198408582153608e-01 -1.173243022173424910e+00 -1.105890420847678079e+00 -8.168999255126149217e-01 -2.438662541341890533e-02
-8.920651212614532088e-01 -1.239549841464823832e+00 -1.437481938205042775e+00 2.322861781222008426e-01 8.079748271900616396e-01 8.127622850389465414e-02 -1.414671289664794385e+00 4.627457243156102851e-01 -8.971210567041386641e-01
5.660605867594309393e-01 5.292537778955608285e-01 8.807948309876015847e-01 -6.182689783728640975e-01 -1.295006766519580521e-01 -5.783586003290996924e-01 3.584842502642551221e-01 1.043839017162300209e+00 6.658360294456565631e-01
1.233560865712570509e+00 -4.222327923058118992e-01 -2.050845838367763463e+00 9.518196646007039963e-01 -2.608438097337612005e-01 -5.607726632956382407e-01 -1.736745475418982609e-01 -1.635005474366248990e+00 9.140998125253134432e-02
